1.48017
1.45151
1.29327
1.39735
1.42295
1.3088
1.49592
1.47672
1.40002
1.43919
1.40893
1.44327
1.34866
1.3139
1.41923
1.41719
1.46129
1.4172
1.31829
1.40893
1.41512
1.42299
1.29023
1.44223
1.38811
1.48616
1.29416
1.32006
1.38433
1.35239
1.49592
1.29881
1.49592
1.39509
1.41827
1.32006
1.40975
1.41598
1.41923
1.43919
1.42639
1.3866
1.35239
1.42299
1.4087
1.43373
1.40093
1.48312
1.37575
1.48312
1.48017
1.40893
1.37488
1.43512
1.47672
1.4274
1.44327
1.36991
1.44349
1.37575
1.49592
1.38256
1.39328
1.44345
1.37268
1.44432
1.36429
1.48545
1.49037
1.4801
1.47672
1.49592
1.50173
1.47672
1.42639
1.47165
1.37268
1.50173
1.39806
1.40072
1.48312
1.47433
1.426
1.47672
1.36397
1.42915
1.41126
1.41719
1.48194
1.43603
1.50173
1.50173
1.50165
1.37198
1.47433
1.42915
1.4087
1.50173
1.49592
1.44432
1.34186
1.4525
1.49592
1.39992
1.39458
1.3609
1.43512
1.48017
1.49861
1.44703
1.4525
1.45344
1.49592
1.50173
1.48312
1.47165
1.48312
1.45018
1.48312
1.47725
1.50173
1.42687
1.44703
1.48312
1.50165
1.49592
1.49592
1.50421
1.45018
1.47165
1.3493
1.46638
1.42026
1.39328
1.43774
1.4525
1.42296
1.47717
1.42481
1.42488
1.44863
1.49592
1.4544
1.48017
1.31926
1.49861
1.4525
1.4783
1.49592
1.48726
1.50421
1.43512
1.4525
1.46638
1.47433
1.48642
1.44863
1.50421
1.50173
1.50173
1.48642
1.47672
1.49592
1.46533
1.34908
1.35633
1.45379
1.46533
1.49592
1.49592
1.42481
1.42488
1.48312
1.3493
1.50421
1.44863
1.34928
1.49592
1.50366
1.49592
1.50421
1.50173
1.50173
1.3517
1.49878
1.49861
1.41167
1.50165
1.48642
1.44863
1.50173
1.42492
1.49592
1.47672
1.426
1.44432
1.44432
1.4525
1.49878
1.49861
1.44863
1.4525
1.41827
1.46283
1.4525
1.50366
1.44863
1.48642
1.49592
1.50173
1.50421
1.40491
1.50421
1.49878
1.49592
1.49861
1.46262
1.49592
1.40846
1.49592
1.46262
1.50366
1.49878
1.50165
1.4623
1.49878
1.48186
1.4525
1.44854
1.48587
1.4525
1.49592
1.49592
1.4753
1.43796
1.4783
1.49878
1.48444
1.49878
1.39863
1.50421
1.43203
1.49592
1.44854
1.49592
1.38475
1.50165
1.42492
1.40491
1.4783
1.49878
1.50421
1.48714
1.459
1.48714
1.50173
1.49878
1.4525
1.48444
1.40491
1.48354
1.48714
1.43119
1.48642
1.49878
1.50165
1.40566
1.48587
1.4553
1.4525
1.50421
1.48714
1.48587
1.50421
1.46223
1.40561
1.50366
1.417
1.50173
1.50421
1.50173
1.48587
1.37765
1.49592
1.4525
1.50173
1.49592
1.44854
1.49592
1.48642
1.48642
1.50421
1.49878
1.50165
1.49861
1.4553
1.40191
1.4783
1.44854
1.46262
1.50421
1.50165
1.48714
1.426
1.50165
1.48642
1.4058
1.50366
1.49592
1.49592
1.50173
1.3824
1.42492
1.3814
1.50173
1.38025
1.49592
1.48444
1.41981
1.50366
1.4631
1.4525
1.48587
1.48587
1.49861
1.49592
1.50173
1.50366
1.42233
1.50366
1.50421
1.38025
1.40561
1.48587
1.46234
1.426
1.48587
1.43512
1.50366
1.4525
1.3814
1.50173
1.50366
1.4058
1.50173
1.49592
1.43119
1.50366
1.50165
1.48587
1.48714
1.42492
1.50421
1.49592
1.49592
1.49592
1.49592
1.48714
1.48714
1.50173
1.50421
1.50165
1.49592
1.50421
1.48587
1.50165
1.46328
1.50173
1.49592
1.50421
1.43512
1.46234
1.50173
1.48642
1.46262
1.48587
1.4623
1.50173
1.50165
1.49878
1.50165
1.48587
1.50421
1.49878
1.50421
1.40561
1.50366
1.48642
1.50421
1.50165
1.50421
1.38106
1.50165
1.50366
1.44863
1.34297
1.50421
1.49878
1.48587
1.42492
1.50165
1.46262
1.43512
1.48714
1.43512
1.4783
1.50173
1.50173
1.48642
1.48642
1.50421
1.48642
1.48587
1.50165
1.35372
1.48642
1.42296
1.48714
1.43512
1.49592
1.50421
1.50173
1.40002
1.50421
1.49592
1.48714
1.41598
1.4058
1.38856
1.50421
1.4631
1.42296
1.42964
1.50366
1.50173
1.48587
1.44432
1.48642
1.44792
1.34297
1.42492
1.40491
1.49878
1.43512
1.44863
1.4553
1.44479
1.4631
1.43373
1.50173
1.50421
1.44479
1.43373
1.44792
1.48587
1.44432
1.43512
1.44792
1.4631
1.426
1.43512
1.50421
1.37222
1.4553
1.44863
1.35258
1.43444
1.41923
1.40002
1.4631
1.43373
1.48714
1.42964
1.43774
1.44479
1.50173
1.50366
1.44479
1.50165
1.35922
1.50421
1.48714
1.49592
1.50366
1.41923
1.50421
1.43373
1.43373
1.37222
1.41996
1.37222
1.49592
1.40399
1.43512
1.44432
1.41923
1.48642
1.44792
1.44863
1.41923
1.44792
1.35922
1.44479
1.3517
1.43373
1.48587
1.43774
1.43774
1.40002
1.39353
1.50421
1.41996
1.41923
1.39895
1.39353
1.43591
1.459
1.50421
1.50421
1.48642
1.44863
1.39462
1.50173
1.42917
1.42881
1.459
1.50421
1.35164
1.44432
1.4783
1.43373
1.37222
1.39423
1.48714
1.44792
1.44792
1.48714
1.48642
1.39462
1.48714
1.50421
1.44792
1.3915
1.48714
1.39895
1.50421
1.50173
1.44792
1.44792
1.44792
1.50421
1.43634
1.39895
1.50421
1.43512
1.39929
1.48714
1.48714
1.50421
1.43591
1.46262
1.39895
1.50173
1.38029
1.44432
1.4783
1.4783
1.48714
1.39423
1.39462
1.50421
1.48714
1.4525
1.41248
1.41598
1.48714
1.43774
1.4783
1.50421
1.459
1.44792
1.41667
1.50366
1.37719
1.48714
1.50421
1.50421
1.4631
1.50173
1.4631
1.36183
1.46533
1.50173
1.44854
1.50173
1.34601
1.4525
1.37222
1.50173
1.48714
1.50421
1.44792
1.50421
1.50173
1.46533
1.46328
1.50421
1.50421
1.38256
1.4525
1.47059
1.36321
1.50173
1.41248
1.4525
1.50421
1.50173
1.50421
1.48714
1.50173
1.50173
1.43972
1.36183
1.50421
1.47672
1.50421
1.50173
1.48714
1.46533
1.4525
1.50421
1.4525
1.4525
1.50173
1.48714
1.4525
1.50421
1.48545
1.41923
1.46328
1.42716
1.36183
1.50421
1.48714
1.50421
1.50173
1.50173
1.50421
1.50421
1.50173
1.4525
1.459
1.49878
1.50421
1.50421
1.50421
1.43373
1.50421
1.49592
1.46792
1.50421
1.4525
1.40002
1.50421
1.50421
1.50421
1.46533
1.50173
1.50421
1.48714
1.459
1.48186
1.50421
1.41923
1.43512
1.49878
1.46328
1.50421
1.42328
1.50173
1.46533
1.33219
1.43373
1.49592
1.47672
1.49592
1.50421
1.50421
1.39515
1.4525
1.50421
1.43858
1.50421
1.50421
1.44792
1.50421
1.44432
1.47672
1.46234
1.50173
1.50173
1.42881
1.49592
1.43373
1.46328
1.46533
1.44863
1.43972
1.50421
1.48714
1.46581
1.50173
1.44863
1.46328
1.43373
1.50173
1.50421
1.44432
1.44432
1.3801
1.50421
1.50173
1.50173
1.37208
1.48714
1.40706
1.49592
1.50173
1.50421
1.50421
1.42137
1.46581
1.44432
1.46328
1.41126
1.43972
1.43373
1.46533
1.43606
1.48714
1.48714
1.42716
1.50421
1.44432
1.44655
1.50421
1.43373
1.48714
1.4525
1.4525
1.50421
1.44432
1.50421
1.42299
1.4525
1.40859
1.44854
1.50173
1.46581
1.4525
1.50366
1.48714
1.44432
1.40882
1.50421
1.50421
1.44432
1.39508
1.44863
1.41923
1.45271
1.44432
1.50173
1.50173
1.44432
1.50421
1.43444
1.42328
1.39515
1.42716
1.50421
1.50421
1.44432
1.50421
1.50421
1.39975
1.50421
1.45271
1.50366
1.44863
1.44863
1.4525
1.44432
1.40828
1.50421
1.44854
1.46262
1.50173
1.38425
1.50173
1.50366
1.50421
1.48194
1.42328
1.50421
1.44432
1.44432
1.48017
1.44854
1.42503
1.50421
1.44863
1.44432
1.41923
1.44432
1.42503
1.40828
1.3704
1.50421
1.50421
1.48194
1.4525
1.50366
1.42426
1.43373
1.39353
1.41923
1.50173
1.44863
1.44854
1.38425
1.44863
1.44854
1.44432
1.44854
1.50421
1.44432
1.50421
1.44863
1.46262
1.50421
1.44792
1.41923
1.44854
1.43373
1.48194
1.50421
1.41055
1.42881
1.50173
1.41923
1.43373
1.44863
1.50173
1.44863
1.44863
1.50421
1.38417
1.44863
1.4648
1.50421
1.50421
1.46262
1.37494
1.44854
1.50421
1.44432
1.41923
1.41923
1.40908
1.50421
1.4648
1.50421
1.50421
1.50173
1.50173
1.44625
1.50421
1.44792
1.43373
1.44854
1.41055
1.4525
1.3554
1.36031
1.4648
1.43373
1.43373
1.35133
1.50421
1.50421
1.50421
1.50421
1.40908
1.37222
1.50421
1.40002
1.50421
1.46946
1.41923
1.50421
1.41923
1.3517
1.50421
1.48186
1.43373
1.44863
1.43253
1.50421
1.38417
1.44854
1.46946
1.50421
1.41923
1.44601
1.50173
1.41923
1.50421
1.50421
1.36926
1.50421
1.36031
1.40908
1.4648
1.48194
1.37612
1.50421
1.50421
1.36402
1.50421
1.50421
1.44439
1.37612
1.50173
1.50421
1.41617
1.42295
1.36402
1.50173
1.42807
1.41923
1.44625
1.44601
1.46946
1.50421
1.50421
1.50421
1.50421
1.44863
1.49878
1.44863
1.38909
1.41923
1.50421
1.31232
1.43373
1.44601
1.50173
1.36419
1.50421
1.50421
1.41923
1.44863
1.43373
1.44439
1.49592
1.43373
1.43373
1.50421
1.43249
1.4648
1.39353
1.44863
1.50421
1.50421
1.44625
1.50421
1.41923
1.43373
1.44625
1.50173
1.43373
1.50421
1.36402
1.50421
1.50421
1.50173
1.50173
1.42295
1.44863
1.50421
1.50173
1.43249
1.50173
1.43444
1.44439
1.50421
1.42807
1.50421
1.44625
1.41923
1.3517
1.44863
1.50173
1.40776
1.50173
1.50173
1.43373
1.50173
1.34542
1.44863
1.41923
1.50421
1.44863
1.40776
1.50421
1.48194
1.33259
1.35968
1.43373
1.50421
1.44863
1.40776
1.50421
1.50173
1.44439
1.50421
1.459
1.50173
1.50173
1.4525
1.40776
1.41923
1.50421
1.38425
1.44792
1.44863
1.50173
1.34982
1.44863
1.50173
1.39353
1.50421
1.44863
1.41923
1.50173
1.40706
1.50421
1.44863
1.41923
1.50421
1.39353
1.34982
1.34982
1.48017
1.43373
1.50173
1.38425
1.50173
1.50421
1.50173
1.44792
1.50421
1.44863
1.50421
1.44655
1.4525
1.50421
1.41923
1.50421
1.40399
1.44863
1.3517
1.50366
1.48017
1.46428
1.44792
1.31064
1.40776
1.44863
1.50421
1.46428
1.48017
1.44655
1.3517
1.43373
1.33219
1.44792
1.50366
1.43373
1.50173
1.41923
1.46428
1.43373
1.43373
1.50173
1.50173
1.50173
1.39353
1.42426
1.50173
1.46428
1.46071
1.41923
1.3517
1.50173
1.3517
1.50421
1.50421
1.43065
1.50421
1.48714
1.50421
1.3517
1.44792
1.44655
1.50421
1.46328
1.50173
1.50173
1.50173
1.48714
1.46428
1.50421
1.50173
1.46428
1.46428
1.50173
1.46428
1.48017
1.48017
1.43397
1.46782
1.50421
1.39353
1.3517
1.43373
1.50173
1.38417
1.50173
1.50421
1.50173
1.3517
1.46428
1.46782
1.50421
1.41923
1.50421
1.41923
1.50421
1.38417
1.50421
1.41923
1.50421
1.44792
1.50173
1.50421
1.50173
1.50173
1.50173
1.50173
1.50421
1.50173
1.48017
1.50173
1.4525
1.43373
1.46428
1.44655
1.50173
1.50421
1.50421
1.3517
1.41923
1.37222
1.41923
1.41167
1.3517
1.43444
1.41923
1.50173
1.4648
1.36768
1.50421
1.50173
1.50173
1.48017
1.36052
1.40706
1.38417
1.46428
1.41923
1.41923
1.43774
1.3801
1.4525
1.43373
1.50173
1.50421
1.44792
1.50421
1.41923
1.41923
1.41923
1.44863
1.43373
1.38452
1.44408
1.36563
1.41923
1.4648
1.50421
1.3517
1.44792
1.43444
1.48017
1.41923
1.4525
1.46428
1.38378
1.50173
1.50421
1.48017
1.50173
1.3517
1.48017
1.37719
1.40908
1.43774
1.50421
1.50421
1.50421
1.48017
1.50421
1.50421
1.38706
1.44432
1.49592
1.50421
1.41923
1.44792
1.48186
1.44625
1.50421
1.48017
1.37719
1.4648
1.38452
1.40645
1.44863
1.50421
1.40908
1.44863
1.44792
1.40706
1.4525
1.46533
1.38417
1.4648
1.40706
1.50421
1.42426
1.48017
1.38425
1.38707
1.44625
1.43634
1.4525
1.50173
1.35544
1.44479
1.44863
1.38452
1.4648
1.4525
1.47725
1.50421
1.48017
1.43253
1.48017
1.40706
1.50421
1.43444
1.50421
1.41923
1.50421
1.50421
1.49878
1.46533
1.38452
1.50421
1.50421
1.50421
1.50421
1.41923
1.41923
1.41923
1.38425
1.44863
1.48017
1.42565
1.40706
1.50421
1.49878
1.4648
1.47725
1.41923
1.34367
1.47725
1.43444
1.44863
1.50173
1.48194
1.41009
1.50421
1.50421
1.4648
1.41923
1.50421
1.50421
1.50421
1.50421
1.44863
1.41923
1.44863
1.46428
1.48194
1.49878
1.50421
1.35044
1.41923
1.41923
1.41923
1.38425
1.50421
1.50421
1.50421
1.50421
1.34367
1.3517
1.44792
1.46428
1.50421
1.49878
1.50421
1.50421
1.38425
1.50421
1.40399
1.4072
1.50421
1.50421
1.4648
1.49592
1.50421
1.50421
1.50421
1.44863
1.50421
1.44863
1.44863
1.4648
1.43373
1.41923
1.41923
1.50421
1.3517
1.44432
1.50421
1.41923
1.44625
1.40706
1.39353
1.43253
1.48194
1.41617
1.43373
1.50173
1.50421
1.49878
1.50421
1.36926
1.44863
1.50421
1.50421
1.42716
1.32709
1.49592
1.41617
1.50421
1.42299
1.44863
1.40645
1.50173
1.3517
1.50421
1.50421
1.43373
1.50421
1.50421
1.3517
1.43203
1.46304
1.41923
1.49592
1.50421
1.43253
1.44863
1.44625
1.44625
1.50421
1.50173
1.50421
1.50421
1.37222
1.49592
1.43373
1.43203
1.44863
1.41923
1.3517
1.44863
1.41167
1.3517
1.44863
1.43253
1.44863
1.43373
1.38378
1.50173
1.50173
1.43373
1.42299
1.50173
1.50421
1.44863
1.30247
1.50421
1.35044
1.50173
1.50421
1.41167
1.50421
1.44863
1.44863
1.3517
1.41923
1.50421
1.43373
1.34982
1.43373
1.50421
1.50421
1.44863
1.50173
1.44792
1.42233
1.43373
1.50173
1.44863
1.41057
1.42807
1.43373
1.50421
1.50173
1.50173
1.43373
1.39353
1.42716
1.44625
1.50421
1.43373
1.50421
1.43373
1.43253
1.39732
1.43444
1.43373
1.43373
1.43373
1.50173
1.44863
1.44792
1.50173
1.50421
1.43253
1.50421
1.44863
1.44863
1.50421
1.44625
1.50421
1.50173
1.43373
1.44863
1.40648
1.44863
1.50173
1.43512
1.50173
1.50421
1.44863
1.41491
1.43373
1.44625
1.43253
1.50173
1.43373
1.43373
1.39732
1.50173
1.34907
1.50421
1.43444
1.42881
1.50421
1.43373
1.50421
1.44863
1.37222
1.4572
1.43253
1.50421
1.44625
1.44863
1.44863
1.44863
1.50421
1.43373
1.43253
1.50421
1.37222
1.32841
1.48017
1.43373
1.44863
1.44863
1.4572
1.44863
1.50173
1.37531
1.50173
1.44625
1.44863
1.50421
1.43373
1.41923
1.43373
1.50421
1.44625
1.50173
1.37222
1.44863
1.43373
1.40002
1.34907
1.44854
1.37222
1.44863
1.44863
1.50421
1.46533
1.40908
1.44863
1.44863
1.50421
1.42328
1.39145
1.50173
1.38392
1.44863
1.44625
1.43373
1.3517
1.37222
1.44432
1.50421
1.43373
1.50173
1.44863
1.41923
1.44863
1.44625
1.50173
1.44863
1.36926
1.36791
1.3517
1.43444
1.48017
1.50421
1.44863
1.50421
1.50173
1.43373
1.50421
1.40706
1.43249
1.3517
1.50173
1.44863
1.50421
1.3517
1.3517
1.43373
1.4525
1.44863
1.4525
1.44625
1.44432
1.43373
1.41923
1.50421
1.50421
1.50421
1.50421
1.50173
1.41923
1.50421
1.44863
1.50421
1.44863
1.41923
1.50173
1.42716
1.44863
1.44863
1.50173
1.50421
1.43373
1.44625
1.44863
1.41923
1.38452
1.41923
1.44863
1.41066
1.36183
1.50421
1.50421
1.38745
1.3517
1.44863
1.41923
1.43444
1.43919
1.40706
1.40002
1.4525
1.41923
1.50421
1.44863
1.50421
1.44432
1.41923
1.50421
1.41512
1.40161
1.44863
1.35544
1.50421
1.44863
1.37494
1.38745
1.50421
1.41923
1.41923
1.42296
1.3517
1.41923
1.40487
1.43253
1.41066
1.42716
1.50421
1.37222
1.3517
1.50173
1.38745
1.43373
1.50421
1.50421
1.40487
1.3246
1.41923
1.50421
1.3246
1.50421
1.4525
1.44863
1.50173
1.33219
1.44432
1.43512
1.41598
1.50421
1.41923
1.44863
1.3517
1.43444
1.43373
1.33046
1.38745
1.41512
1.3517
1.44863
1.41923
1.40487
1.50421
1.36926
1.50421
1.44863
1.50421
1.43373
1.3517
1.44514
1.41167
1.4525
1.4525
1.44863
1.38417
1.41512
1.50421
1.43373
1.36926
1.34542
1.44863
1.43512
1.44863
1.36926
1.50421
1.41512
1.50173
1.50421
1.3517
1.43373
1.3246
1.41923
1.44863
1.38417
1.50421
1.44863
1.4525
1.43373
1.3517
1.43373
1.50421
1.36926
1.44514
1.34601
1.44863
1.38417
1.44432
1.46428
1.44514
1.43512
1.41512
1.46428
1.41923
1.34982
1.44863
1.50173
1.33964
1.43119
1.50421
1.37222
1.50421
1.41923
1.46328
1.44863
1.50421
1.4525
1.50421
1.41923
1.50421
1.44301
1.36926
1.46328
1.46428
1.50421
1.43373
1.43119
1.39139
1.46782
1.46328
1.50421
1.36926
1.39145
1.41923
1.38417
1.37222
1.50421
1.40776
1.36402
1.41057
1.41057
1.44863
1.44863
1.41598
1.44863
1.50421
1.4622
1.50173
1.48017
1.46328
1.50421
1.50421
1.41923
1.43373
1.50421
1.38745
1.50421
1.41996
1.48017
1.50173
1.50421
1.41923
1.45344
1.41996
1.44655
1.43253
1.41923
1.50421
1.40648
1.50173
1.43291
1.41057
1.50421
1.46328
1.46328
1.50421
1.50173
1.50421
1.41996
1.50421
1.41167
1.50173
1.40648
1.50421
1.40648
1.48017
1.50173
1.44655
1.50421
1.40706
1.50421
1.46638
1.46328
1.4525
1.44655
1.4525
1.46328
1.50173
1.3517
1.50421
1.50173
1.46328
1.34982
1.50421
1.50421
1.50421
1.41167
1.44432
1.46428
1.46328
1.50421
1.43373
1.42881
1.50173
1.50173
1.50173
1.44863
1.3704
1.46533
1.41923
1.44863
1.50421
1.50421
1.49878
1.44514
1.46328
1.50421
1.4572
1.50421
1.41923
1.46328
1.48017
1.44792
1.44863
1.44432
1.50421
1.43253
1.44432
1.43373
1.50173
1.41057
1.37182
1.50421
1.43373
1.49592
1.43373
1.4525
1.44514
1.3704
1.40706
1.41923
1.41923
1.3517
1.50173
1.50173
1.44863
1.44863
1.41617
1.49878
1.48017
1.3517
1.44863
1.41057
1.50421
1.50421
1.50421
1.41617
1.50173
1.37222
1.37222
1.42881
1.50173
1.43373
1.50421
1.41923
1.50173
1.42881
1.41923
1.43253
1.44792
1.47672
1.44863
1.50173
1.50173
1.43373
1.43253
1.50421
1.49592
1.44863
1.50421
1.50421
1.43373
1.50421
1.44863
1.44432
1.50421
1.50421
1.49878
1.44792
1.42233
1.48017
1.47672
1.50421
1.50173
1.41923
1.33219
1.50421
1.41167
1.41923
1.44863
1.43373
1.37222
1.50421
1.44655
1.42881
1.41923
1.44863
1.44625
1.44792
1.44863
1.356
1.50173
1.50421
1.41617
1.49592
1.50421
1.37222
1.50173
1.44655
1.44863
1.3704
1.44863
1.50173
1.3517
1.43249
1.43373
1.44792
1.49592
1.44863
1.35544
1.33259
1.41617
1.50421
1.43203
1.44792
1.34982
1.34367
1.44625
1.44863
1.50421
1.41923
1.41923
1.50173
1.50421
1.37222
1.50421
1.44863
1.43373
1.42565
1.43373
1.50173
1.41923
1.34367
1.34367
1.50173
1.41617
1.43253
1.44792
1.40926
1.50173
1.50421
1.41109
1.44863
1.43512
1.37222
1.44792
1.44863
1.43249
1.44792
1.37222
1.50421
1.41923
1.50173
1.35232
1.43444
1.50421
1.44792
1.44792
1.44432
1.43373
1.35044
1.43373
1.44863
1.41923
1.44863
1.50173
1.50173
1.42807
1.46328
1.44863
1.41923
1.37222
1.50421
1.44479
1.43512
1.34907
1.50173
1.50421
1.38745
1.43249
1.34907
1.50421
1.3517
1.44863
1.50421
1.50421
1.41512
1.46328
1.48017
1.37222
1.42807
1.50421
1.50173
1.40002
1.50173
1.43373
1.44792
1.43373
1.43373
1.41923
1.38745
1.50421
1.41923
1.39939
1.44792
1.43373
1.42917
1.36321
1.40706
1.40706
1.46782
1.43444
1.44863
1.50173
1.42807
1.50421
1.43373
1.40002
1.41167
1.44863
1.44863
1.41923
1.50173
1.41512
1.44863
1.44792
1.43373
1.50173
1.42807
1.44863
1.48017
1.44863
1.42807
1.3517
1.48017
1.50173
1.48017
1.42807
1.40645
1.50421
1.46428
1.48017
1.43373
1.40776
1.47672
1.50421
1.50173
1.42807
1.40706
1.50173
1.48017
1.48017
1.44792
1.34907
1.44863
1.46428
1.50173
1.38745
1.48017
1.43373
1.42328
1.48017
1.4648
1.50173
1.48017
1.46428
1.47672
1.50173
1.48017
1.42807
1.4204
1.39353
1.46328
1.42807
1.48186
1.50421
1.47672
1.37222
1.46782
1.50173
1.48186
1.42807
1.38417
1.50173
1.46328
1.50173
1.48017
1.50173
1.48017
1.38417
1.44432
1.44792
1.44655
1.40645
1.48017
1.40645
1.44792
1.50173
1.50173
1.38745
1.48017
1.43253
1.40706
1.50421
1.47672
1.50421
1.43444
1.43373
1.46163
1.40645
1.42328
1.44863
1.4525
1.41167
1.38417
1.47672
1.46428
1.50421
1.48017
1.44655
1.50421
1.48186
1.50173
1.36321
1.44792
1.40706
1.48186
1.46328
1.50173
1.41923
1.50173
1.48186
1.47672
1.37222
1.48186
1.50421
1.48186
1.48017
1.47672
1.43444
1.37222
1.4525
1.4525
1.42299
1.50173
1.43373
1.50421
1.50173
1.50421
1.4525
1.50173
1.50173
1.43774
1.44792
1.47672
1.50421
1.48017
1.50421
1.44792
1.46328
1.41923
1.44863
1.41923
1.50421
1.39781
1.50421
1.50421
1.49878
1.37222
1.40706
1.50173
1.48017
1.48186
1.43444
1.50421
1.50421
1.41923
1.44792
1.43373
1.47672
1.48017
1.41923
1.4525
1.4525
1.42807
1.42328
1.50173
1.50173
1.41923
1.40706
1.44863
1.44792
1.43373
1.50421
1.41923
1.50421
1.44432
1.3704
1.41923
1.42807
1.42328
1.50421
1.49878
1.44792
1.42807
1.50173
1.43373
1.44792
1.3517
1.50421
1.40706
1.44792
1.3246
1.44863
1.43373
1.50421
1.44792
1.50173
1.50421
1.37222
1.44863
1.50173
1.39353
1.41923
1.50421
1.50421
1.48017
1.48186
1.40706
1.50173
1.37222
1.44792
1.44863
1.40706
1.3704
1.50421
1.3517
1.44863
1.32709
1.50421
1.34907
1.50421
1.41217
1.41923
1.50173
1.44863
1.42807
1.50421
1.41923
1.42716
1.50421
1.41923
1.43373
1.44863
1.38417
1.50421
1.44863
1.41923
1.3704
1.44863
1.44863
1.48017
1.38452
1.36041
1.44863
1.44863
1.50421
1.43373
1.48186
1.50173
1.48186
1.50173
1.43373
1.44479
1.44792
1.44792
1.42716
1.40706
1.44863
1.4525
1.33389
1.32506
1.41923
1.44792
1.38417
1.50421
1.50173
1.38745
1.50173
1.50173
1.44863
1.50173
1.33219
1.44863
1.43444
1.48017
1.43444
1.4525
1.42716
1.34542
1.43373
1.50421
1.41217
1.43373
1.42716
1.36768
1.50421
1.38417
1.48186
1.4525
1.43373
1.41217
1.43774
1.48186
1.50421
1.50421
1.50421
1.42716
1.41217
1.44863
1.50173
1.50173
1.41167
1.44792
1.48186
1.4525
1.46428
1.48186
1.39353
1.44792
1.43774
1.50173
1.50421
1.41923
1.38452
1.50173
1.50173
1.43373
1.36678
1.50421
1.47672
1.43774
1.48017
1.41923
1.32709
1.50421
1.50173
1.50173
1.42328
1.37222
1.40002
1.41923
1.50173
1.50421
1.38417
1.38222
1.48186
1.42807
1.50421
1.37222
1.50173
1.40487
1.50421
1.4648
1.44792
1.50421
1.50173
1.43774
1.4525
1.32709
1.48017
1.4525
1.44863
1.50173
1.50421
1.50421
1.50421
1.44863
1.48545
1.40002
1.41923
1.42328
1.37222
1.35435
1.50173
1.32709
1.37222
1.50173
1.44863
1.44792
1.50173
1.50421
1.50173
1.44792
1.44854
1.4525
1.50173
1.3517
1.44439
1.40002
1.50421
1.42807
1.48017
1.44863
1.44863
1.50421
1.43373
1.41981
1.41923
1.44863
1.43444
1.44792
1.50173
1.4525
1.37222
1.44863
1.50421
1.37222
1.3517
1.50173
1.50173
1.49592
1.44863
1.50173
1.43373
1.40002
1.41923
1.46428
1.37222
1.4525
1.4525
1.37222
1.37222
1.50421
1.50421
1.50421
1.41923
1.42881
1.44863
1.50421
1.50173
1.44863
1.43373
1.44792
1.3517
1.50173
1.44479
1.41923
1.50173
1.50421
1.4648
1.3517
1.50421
1.3517
1.50421
1.34907
1.37222
1.44792
1.44432
1.44863
1.50173
1.48017
1.43444
1.50173
1.43373
1.50421
1.44854
1.48017
1.40706
1.50173
1.48017
1.40706
1.50173
1.38425
1.50421
1.50421
1.40002
1.4648
1.43373
1.38745
1.43444
1.41013
1.44863
1.50173
1.40706
1.50173
1.33219
1.44479
1.43373
1.35895
1.48017
1.43373
1.43444
1.50421
1.50173
1.50421
1.4525
1.42881
1.50173
1.41167
1.42565
1.48017
1.42328
1.4525
1.46428
1.43249
1.44854
1.50173
1.50173
1.37222
1.50173
1.38706
1.43253
1.47672
1.40161
1.44863
1.36322
1.40002
1.356
1.50421
1.48017
1.38425
1.40706
1.43444
1.44854
1.50421
1.50173
1.44792
1.42565
1.34982
1.43373
1.41167
1.37222
1.41167
1.46782
1.33219
1.50173
1.41167
1.4525
1.42807
1.4525
1.47672
1.50173
1.38745
1.43444
1.42328
1.38495
1.44625
1.46782
1.40161
1.40161
1.4525
1.48017
1.40828
1.44854
1.50421
1.43774
1.41167
1.50173
1.30763
1.49592
1.35987
1.48545
1.40706
1.48017
1.50421
1.41923
1.44625
1.48186
1.50173
1.36926
1.47672
1.44863
1.34907
1.33219
1.42328
1.42565
1.46782
1.44854
1.43444
1.38222
1.4525
1.47672
1.50421
1.36322
1.50421
1.40828
1.44854
1.50421
1.37222
1.42328
1.50421
1.43774
1.35133
1.44863
1.44432
1.42716
1.35065
1.42716
1.48186
1.48017
1.46782
1.34601
1.50421
1.40706
1.40706
1.40706
1.40706
1.46782
1.4525
1.35544
1.38706
1.34414
1.44863
1.46946
1.50421
1.44863
1.34542
1.43373
1.43373
1.48545
1.38452
1.34434
1.40706
1.37222
1.50421
1.48017
1.34542
1.44854
1.50421
1.42716
1.38745
1.44854
1.41923
1.42716
1.43373
1.48186
1.37531
1.40706
1.48017
1.44863
1.43774
1.43373
1.35421
1.48017
1.50421
1.41923
1.44863
1.42328
1.43373
1.44854
1.3517
1.40706
1.44432
1.41167
1.36321
1.37222
1.37531
1.37222
1.42716
1.42716
1.32709
1.35021
1.40706
1.44854
1.4525
1.38452
1.42716
1.50421
1.50421
1.44301
1.38417
1.50173
1.41923
1.40161
1.50421
1.41167
1.4525
1.44854
1.44854
1.43373
1.4525
1.41923
1.44863
1.50173
1.50421
1.44854
1.41167
1.36321
1.47672
1.40706
1.44432
1.50421
1.41167
1.40706
1.44432
1.40828
1.42716
1.44863
1.41923
1.36321
1.43919
1.43253
1.40756
1.42716
1.50421
1.50421
1.43439
1.50173
1.50421
1.50421
1.4525
1.41923
1.38452
1.42328
1.44863
1.4525
1.41167
1.50173
1.41066
1.50421
1.37222
1.4525
1.40487
1.44854
1.44432
1.43373
1.42328
1.44854
1.44854
1.39353
1.44432
1.50421
1.40756
1.4525
1.50421
1.50173
1.43115
1.44854
1.4525
1.39353
1.50421
1.44854
1.43253
1.50173
1.40776
1.44863
1.44854
1.41167
1.40828
1.50173
1.40828
1.44432
1.50421
1.43249
1.50421
1.47672
1.41167
1.4525
1.50421
1.50421
1.44854
1.39373
1.40776
1.44432
1.50421
1.50421
1.44625
1.50173
1.44863
1.43919
1.50421
1.50421
1.50421
1.50421
1.50173
1.35727
1.50421
1.43373
1.50421
1.50421
1.40828
1.44854
1.43253
1.50173
1.48186
1.4525
1.50173
1.44863
1.43373
1.4525
1.42328
1.36031
1.46782
1.50421
1.50421
1.41167
1.50421
1.43373
1.49592
1.50421
1.41598
1.50421
1.38745
1.44863
1.49878
1.50421
1.4525
1.42716
1.43919
1.44863
1.44854
1.50421
1.44792
1.38811
1.43373
1.44863
1.41923
1.50421
1.41167
1.48545
1.43373
1.46428
1.41923
1.50421
1.50421
1.41923
1.43373
1.50173
1.44625
1.44432
1.44863
1.38789
1.50173
1.46428
1.37222
1.46428
1.43373
1.46163
1.50421
1.44854
1.50421
1.50421
1.44863
1.50421
1.44863
1.50421
1.38452
1.43373
1.43373
1.38745
1.3517
1.41167
1.44863
1.36336
1.50421
1.50421
1.38452
1.40706
1.43444
1.44408
1.50173
1.34982
1.38353
1.41167
1.44625
1.44432
1.44863
1.50421
1.44863
1.37222
1.46163
1.40776
1.46428
1.41109
1.40776
1.3517
1.44863
1.50421
1.50421
1.50173
1.50173
1.4525
1.44479
1.44432
1.50421
1.43373
1.50421
1.44863
1.44863
1.50173
1.46782
1.36298
1.50421
1.38811
1.50421
1.46428
1.44863
1.41167
1.41923
1.50421
1.44863
1.46163
1.44479
1.50173
1.32709
1.40776
1.50173
1.41923
1.33184
1.43253
1.44625
1.3517
1.44479
1.44863
