1.50617
1.51607
1.40335
1.4367
1.39957
1.34226
1.43995
1.44164
1.43779
1.47024
1.40801
1.42314
1.43297
1.40335
1.35182
1.37776
1.44751
1.38328
1.46086
1.38138
1.47875
1.48809
1.44164
1.46807
1.41735
1.49907
1.36358
1.39472
1.42424
1.40801
1.51607
1.45621
1.50617
1.35648
1.39785
1.41735
1.46314
1.41819
1.35182
1.43779
1.37348
1.51608
1.39472
1.38138
1.46314
1.42841
1.39708
1.46006
1.33027
1.49725
1.41125
1.43709
1.40801
1.44164
1.42116
1.50118
1.47578
1.48892
1.44751
1.40801
1.51608
1.44828
1.44751
1.4022
1.48892
1.44697
1.35648
1.48892
1.36467
1.45172
1.43536
1.47315
1.46314
1.46314
1.47024
1.51608
1.51608
1.51608
1.45621
1.44425
1.44828
1.42666
1.41089
1.45519
1.37348
1.46844
1.51608
1.44283
1.44349
1.40171
1.51608
1.4719
1.51608
1.41103
1.43879
1.47635
1.49557
1.3547
1.48892
1.48293
1.47816
1.4257
1.43023
1.4719
1.38536
1.46086
1.49528
1.46812
1.50658
1.31714
1.41819
1.47024
1.38432
1.4718
1.49686
1.35147
1.50893
1.3547
1.48539
1.50921
1.51608
1.38999
1.47242
1.42397
1.48764
1.46602
1.47188
1.50577
1.4733
1.48293
1.48293
1.49222
1.44425
1.46086
1.50577
1.4257
1.36445
1.48696
1.43661
1.51608
1.4502
1.40564
1.43699
1.48293
1.42881
1.49528
1.38615
1.3547
1.41666
1.43879
1.51608
1.4666
1.50577
1.49409
1.46086
1.46812
1.45004
1.51607
1.36526
1.42736
1.48367
1.46021
1.44316
1.48293
1.42424
1.49528
1.48654
1.38472
1.40105
1.49241
1.49528
1.47326
1.37076
1.46077
1.51607
1.43661
1.46812
1.39572
1.40738
1.41512
1.51608
1.49222
1.47326
1.45736
1.46437
1.39689
1.45004
1.4748
1.43307
1.50893
1.51918
1.46287
1.41512
1.43661
1.49907
1.42424
1.43661
1.49409
1.46812
1.39637
1.51607
1.38472
1.47326
1.47326
1.43315
1.48742
1.49241
1.44316
1.374
1.44879
1.51918
1.47188
1.4505
1.50781
1.41397
1.48571
1.49222
1.39637
1.48293
1.48293
1.50781
1.41307
1.49409
1.47916
1.48742
1.41572
1.41799
1.4082
1.42558
1.37185
1.47099
1.50921
1.47578
1.4154
1.43699
1.47326
1.47141
1.49056
1.44316
1.45736
1.51918
1.51608
1.4505
1.46996
1.39254
1.49409
1.47188
1.48053
1.45816
1.49056
1.47096
1.40677
1.47131
1.47326
1.48293
1.43315
1.41903
1.4798
1.48571
1.3923
1.37591
1.48293
1.4154
1.43603
1.43657
1.48539
1.43699
1.47326
1.46357
1.49056
1.51918
1.49222
1.50921
1.46357
1.48053
1.49409
1.46776
1.51608
1.43657
1.4798
1.47188
1.50893
1.47096
1.49409
1.47131
1.4798
1.35725
1.46376
1.51918
1.47188
1.41903
1.45304
1.43282
1.46376
1.49409
1.47326
1.50781
1.49056
1.40335
1.45457
1.51918
1.48539
1.50617
1.47096
1.45636
1.47117
1.49409
1.50893
1.4733
1.49725
1.48293
1.50617
1.49241
1.49409
1.45457
1.50893
1.43603
1.47315
1.4463
1.44316
1.47326
1.50893
1.47188
1.47131
1.4505
1.47031
1.48053
1.4798
1.51918
1.44485
1.51918
1.51918
1.49409
1.42893
1.46357
1.50577
1.45335
1.47188
1.50617
1.4733
1.49332
1.51607
1.50893
1.50617
1.40264
1.49056
1.50893
1.45268
1.50893
1.49056
1.50617
1.49409
1.47131
1.47326
1.45636
1.4733
1.50577
1.50617
1.50589
1.44793
1.51918
1.51918
1.48053
1.47186
1.50617
1.45636
1.48571
1.50617
1.42061
1.47188
1.47237
1.49332
1.47581
1.51607
1.49409
1.48367
1.50617
1.50617
1.42238
1.47578
1.45335
1.4748
1.47077
1.50589
1.47326
1.47578
1.49222
1.44879
1.4733
1.47326
1.51918
1.49409
1.47326
1.48367
1.45409
1.48293
1.50589
1.49528
1.47024
1.45299
1.4733
1.41445
1.50057
1.49241
1.47186
1.48571
1.51607
1.50617
1.50118
1.49056
1.50617
1.49409
1.48053
1.51918
1.48086
1.45214
1.51607
1.44879
1.45335
1.49056
1.51918
1.50617
1.51918
1.48571
1.50617
1.52163
1.49409
1.47784
1.46123
1.49409
1.4733
1.48367
1.49056
1.42896
1.47186
1.4733
1.50893
1.51918
1.41512
1.46077
1.47188
1.51607
1.50617
1.47581
1.49056
1.49409
1.50893
1.51608
1.50577
1.49222
1.52163
1.45409
1.47077
1.44073
1.52163
1.49409
1.51607
1.49409
1.49557
1.50617
1.52123
1.50893
1.51608
1.46804
1.50577
1.47186
1.50781
1.50893
1.41512
1.46297
1.51607
1.49056
1.48529
1.51608
1.49056
1.52163
1.47077
1.47581
1.46123
1.43684
1.52163
1.50893
1.48724
1.49907
1.51607
1.51607
1.50849
1.47077
1.49056
1.50617
1.47186
1.49557
1.51483
1.47784
1.50577
1.43002
1.47077
1.41512
1.47326
1.44073
1.49686
1.47784
1.44862
1.49686
1.45163
1.50854
1.48579
1.45375
1.42495
1.46077
1.52163
1.49686
1.47141
1.50425
1.51483
1.46996
1.47141
1.51918
1.49686
1.52163
1.49907
1.48529
1.51918
1.50781
1.46077
1.44879
1.42558
1.50425
1.51483
1.43002
1.50849
1.43559
1.45071
1.51607
1.50617
1.50893
1.48742
1.4974
1.51608
1.47077
1.52163
1.50617
1.51918
1.49686
1.47141
1.49409
1.50617
1.45335
1.47131
1.48558
1.51483
1.43002
1.51483
1.51483
1.49332
1.47141
1.50893
1.47173
1.50893
1.50425
1.51918
1.41585
1.49686
1.46077
1.44873
1.46289
1.50893
1.4276
1.48529
1.42587
1.52163
1.50194
1.46289
1.47141
1.48552
1.52163
1.46077
1.47186
1.51483
1.52163
1.4276
1.50617
1.44882
1.50893
1.50893
1.51483
1.49686
1.50893
1.47784
1.49686
1.50617
1.51918
1.47174
1.51608
1.51483
1.52163
1.50229
1.39319
1.47326
1.47077
1.52163
1.50194
1.50229
1.49686
1.50921
1.44882
1.46289
1.51608
1.52163
1.49409
1.46077
1.52163
1.51483
1.50118
1.51483
1.51483
1.50849
1.50893
1.52163
1.50893
1.52163
1.47141
1.46289
1.51483
1.47186
1.51483
1.46077
1.50229
1.51483
1.52163
1.52163
1.51918
1.48791
1.51962
1.52163
1.50893
1.51483
1.51608
1.47141
1.50914
1.50781
1.52163
1.46077
1.50893
1.50781
1.50194
1.52163
1.50849
1.51483
1.50229
1.51483
1.50849
1.46289
1.52163
1.52163
1.50577
1.49686
1.50921
1.50893
1.51483
1.52163
1.50893
1.50893
1.52163
1.49686
1.50849
1.51483
1.49686
1.51608
1.50893
1.51483
1.52163
1.49321
1.51452
1.48791
1.52163
1.47141
1.51483
1.51483
1.49557
1.50781
1.52163
1.49686
1.4798
1.50781
1.51608
1.52163
1.50921
1.52163
1.50849
1.52163
1.52163
1.52163
1.52163
1.4798
1.52163
1.47354
1.51483
1.50921
1.48714
1.50617
1.49403
1.50849
1.52163
1.50617
1.50921
1.51918
1.52163
1.50617
1.52163
1.50849
1.50893
1.51483
1.52163
1.50849
1.52163
1.50849
1.51608
1.50921
1.51483
1.52163
1.46077
1.52163
1.50921
1.52163
1.50057
1.51483
1.40039
1.50854
1.51918
1.50893
1.49409
1.52163
1.50118
1.51608
1.52163
1.52163
1.52163
1.50849
1.52163
1.52163
1.52163
1.49241
1.52163
1.43657
1.50893
1.51608
1.49241
1.50921
1.50921
1.52163
1.52163
1.52163
1.49409
1.51608
1.52163
1.52163
1.48529
1.49241
1.49686
1.51608
1.49222
1.49686
1.48742
1.52163
1.51483
1.52163
1.52163
1.4866
1.52163
1.52163
1.47581
1.47983
1.50854
1.50854
1.52163
1.52163
1.52163
1.52163
1.51483
1.52163
1.41585
1.51483
1.51483
1.52163
1.52163
1.50057
1.52163
1.47983
1.52163
1.52163
1.49241
1.52163
1.50469
1.52163
1.49528
1.52163
1.52163
1.52163
1.44649
1.49686
1.52163
1.50118
1.46123
1.52163
1.51608
1.51483
1.52163
1.47354
1.52163
1.52163
1.52163
1.41585
1.44969
1.52163
1.52163
1.49686
1.52163
1.51483
1.41199
1.50781
1.52163
1.51483
1.50781
1.49686
1.47983
1.52163
1.51483
1.51483
1.52163
1.52163
1.52163
1.52163
1.47561
1.49686
1.51483
1.52163
1.44969
1.49686
1.50781
1.52163
1.51483
1.50781
1.52163
1.52163
1.50781
1.50921
1.52163
1.50781
1.51483
1.51483
1.50781
1.52163
1.43657
1.51483
1.52163
1.4798
1.51483
1.50921
1.52163
1.51918
1.52163
1.37252
1.39458
1.49686
1.50781
1.46553
1.52163
1.48709
1.52163
1.52163
1.52163
1.50781
1.52163
1.52163
1.51918
1.52163
1.50921
1.52163
1.50849
1.52163
1.51918
1.47561
1.49528
1.52163
1.48529
1.50781
1.46077
1.50921
1.52163
1.51608
1.52163
1.49528
1.52163
1.52163
1.52163
1.4798
1.50781
1.51483
1.49686
1.52163
1.51608
1.51918
1.46077
1.52163
1.48742
1.49686
1.51608
1.52163
1.47458
1.52163
1.4798
1.52163
1.50849
1.50781
1.47561
1.52163
1.47784
1.49222
1.46123
1.50781
1.52163
1.52163
1.52163
1.51918
1.51608
1.50893
1.49528
1.52123
1.52163
1.52163
1.44969
1.50781
1.52123
1.49241
1.51918
1.47099
1.46077
1.50781
1.50854
1.50577
1.51483
1.50893
1.51918
1.50781
1.50893
1.50893
1.48709
1.52163
1.45816
1.4798
1.49686
1.41585
1.52163
1.51608
1.47141
1.51918
1.52163
1.50781
1.50724
1.52163
1.51483
1.50781
1.52163
1.52163
1.50781
1.50893
1.51483
1.50893
1.43337
1.51483
1.47173
1.48742
1.45816
1.49241
1.50854
1.51918
1.52163
1.51483
1.39402
1.50724
1.47561
1.52163
1.50781
1.50781
1.51918
1.47141
1.51483
1.50724
1.49528
1.52163
1.52163
1.50781
1.50921
1.52163
1.50893
1.51483
1.51918
1.47141
1.52163
1.4974
1.47186
1.47141
1.52163
1.48742
1.50724
1.47784
1.42495
1.52163
1.49403
1.50893
1.50781
1.50781
1.47141
1.47237
1.51483
1.52163
1.52163
1.46077
1.51607
1.52163
1.48742
1.52163
1.52163
1.52163
1.52163
1.50781
1.44867
1.52163
1.51918
1.52163
1.46077
1.51483
1.46437
1.44867
1.50849
1.47237
1.4798
1.51607
1.48709
1.52163
1.50854
1.50781
1.50893
1.51483
1.52163
1.50849
1.52163
1.52163
1.49686
1.52163
1.51918
1.49222
1.50469
1.52163
1.4798
1.50921
1.52163
1.46376
1.52163
1.52163
1.50849
1.48709
1.44863
1.52163
1.52163
1.44867
1.52163
1.50854
1.48742
1.4798
1.46077
1.52163
1.50854
1.50781
1.52163
1.52163
1.47237
1.51483
1.52163
1.52163
1.52163
1.52163
1.51918
1.48742
1.49686
1.44863
1.46394
1.52163
1.51483
1.52163
1.46996
1.49222
1.52163
1.52163
1.52163
1.52163
1.51483
1.52163
1.50921
1.50781
1.50921
1.52163
1.52163
1.51483
1.52163
1.47581
1.52163
1.52163
1.52163
1.52163
1.52163
1.51483
1.47581
1.50781
1.49686
1.52163
1.52163
1.52163
1.46437
1.51608
1.47561
1.51483
1.49686
1.50921
1.50849
1.52163
1.52163
1.49686
1.52163
1.52163
1.52163
1.51483
1.52163
1.50849
1.48742
1.52163
1.48709
1.52163
1.50921
1.52163
1.45864
1.52163
1.52163
1.52163
1.52163
1.52163
1.52163
1.50849
1.52163
1.52163
1.49686
1.48714
1.52163
1.52163
1.51483
1.51483
1.47561
1.50921
1.50921
1.50893
1.52163
1.51483
1.52163
1.50849
1.42558
1.52163
1.50849
1.52163
1.47141
1.52163
1.52163
1.52163
1.51483
1.50921
1.52163
1.52163
1.52163
1.52163
1.52163
1.49686
1.52163
1.51483
1.52163
1.50781
1.52163
1.47458
1.46077
1.51483
1.50781
1.52163
1.51483
1.52163
1.46849
1.47173
1.52163
1.47031
1.48742
1.4798
1.51918
1.52163
1.52163
1.49332
1.50577
1.52163
1.51483
1.52163
1.52163
1.50781
1.52163
1.52163
1.52163
1.51483
1.50854
1.4798
1.52163
1.50893
1.52163
1.51483
1.52163
1.52163
1.52163
1.46077
1.50577
1.50849
1.47141
1.51483
1.52163
1.48742
1.52163
1.52163
1.52163
1.52163
1.51918
1.49686
1.50781
1.52163
1.49403
1.49241
1.51608
1.52163
1.51483
1.49686
1.52163
1.52163
1.48742
1.46077
1.4798
1.52163
1.51483
1.44862
1.51483
1.48742
1.52163
1.50577
1.48742
1.47141
1.52163
1.51483
1.52163
1.52163
1.52163
1.50781
1.50781
1.52163
1.51483
1.50577
1.4974
1.52163
1.51483
1.51918
1.51097
1.50854
1.52163
1.52163
1.46077
1.51483
1.51483
1.47077
1.47174
1.4974
1.4798
1.48742
1.52163
1.52163
1.49686
1.51483
1.51918
1.51918
1.50781
1.52163
1.51918
1.51097
1.50849
1.52163
1.52163
1.51918
1.51918
1.49686
1.47077
1.52163
1.50781
1.50781
1.52163
1.51918
1.49409
1.50893
1.47154
1.51608
1.50781
1.4974
1.48529
1.51483
1.51918
1.49321
1.50921
1.50854
1.44879
1.52163
1.50849
1.52163
1.47154
1.50893
1.50469
1.50781
1.50893
1.50849
1.52163
1.50781
1.46077
1.50781
1.51483
1.52163
1.49686
1.50921
1.52163
1.46376
1.52163
1.48709
1.50781
1.52163
1.47117
1.51483
1.50854
1.51483
1.51483
1.51608
1.52163
1.49241
1.51483
1.52163
1.51608
1.51608
1.51483
1.52163
1.46123
1.51483
1.49686
1.49557
1.51483
1.47099
1.51483
1.52163
1.51608
1.50781
1.51483
1.50893
1.50781
1.47581
1.50781
1.51483
1.52163
1.52163
1.51483
1.44969
1.52163
1.52163
1.52163
1.52163
1.50893
1.52163
1.44969
1.51483
1.4974
1.51483
1.52163
1.51608
1.50893
1.50893
1.51918
1.49686
1.51483
1.52163
1.51483
1.51483
1.52163
1.52163
1.46123
1.4974
1.50577
1.4866
1.47031
1.52163
1.49686
1.48293
1.49241
1.51483
1.51483
1.51483
1.51483
1.52163
1.52163
1.52163
1.52163
1.49528
1.50921
1.51483
1.52163
1.51483
1.50781
1.49686
1.50921
1.49686
1.4866
1.50893
1.51483
1.49686
1.51483
1.51607
1.52163
1.51483
1.48709
1.44969
1.49686
1.4866
1.52163
1.52163
1.51483
1.46077
1.50921
1.52163
1.52163
1.50781
1.51483
1.47141
1.50617
1.52163
1.51097
1.52163
1.52163
1.50781
1.50921
1.47886
1.52163
1.52163
1.52163
1.4866
1.47458
1.45896
1.51097
1.50781
1.50781
1.51483
1.52163
1.50893
1.52163
1.46553
1.52163
1.51608
1.51918
1.52163
1.50781
1.52163
1.52163
1.49241
1.50781
1.45896
1.52163
1.48552
1.4866
1.4866
1.46077
1.51483
1.52163
1.51097
1.47141
1.51097
1.52163
1.51918
1.52163
1.52163
1.50118
1.44969
1.49409
1.50577
1.51483
1.51483
1.50658
1.46553
1.52163
1.52163
1.50118
1.51097
1.52163
1.49321
1.4866
1.52163
1.52163
1.51483
1.51483
1.50914
1.52163
1.50921
1.49215
1.50118
1.4866
1.47578
1.52163
1.46553
1.44969
1.50914
1.52163
1.49686
1.51483
1.48709
1.50849
1.47578
1.44431
1.52163
1.49409
1.52163
1.47077
1.47458
1.50849
1.52163
1.50781
1.48709
1.49686
1.47099
1.50921
1.46849
1.52163
1.49409
1.50914
1.49321
1.49409
1.50893
1.49686
1.50914
1.47141
1.51483
1.50914
1.51483
1.44867
1.49686
1.44863
1.44431
1.51918
1.52163
1.52163
1.52163
1.51918
1.50469
1.47173
1.52163
1.51918
1.49557
1.47141
1.50781
1.50849
1.52163
1.49686
1.52163
1.52163
1.51483
1.51483
1.50921
1.48742
1.50914
1.49686
1.50914
1.50781
1.49409
1.50893
1.43229
1.50893
1.49686
1.52163
1.50781
1.52163
1.52163
1.51483
1.50781
1.51097
1.51608
1.44859
1.50914
1.52163
1.49409
1.49557
1.50781
1.51607
1.44649
1.47875
1.52163
1.50781
1.51483
1.50893
1.46586
1.50781
1.49686
1.50781
1.52163
1.52163
1.51918
1.47173
1.51097
1.51608
1.50781
1.50469
1.52163
1.50781
1.50893
1.50914
1.50617
1.51097
1.50617
1.49557
1.52163
1.50781
1.4866
1.50469
1.52163
1.52163
1.50577
1.47173
1.46077
1.50724
1.47406
1.50781
1.51483
1.51097
1.52163
1.50781
1.48742
1.50781
1.50893
1.46165
1.52163
1.4748
1.52163
1.50914
1.52163
1.50194
1.50781
1.52163
1.51483
1.47099
1.52163
1.51918
1.50781
1.4974
1.52163
1.4974
1.51918
1.51608
1.4866
1.47117
1.48709
1.47141
1.51918
1.47141
1.42587
1.49686
1.49686
1.51097
1.50893
1.52163
1.50781
1.52163
1.52163
1.51483
1.48764
1.50914
1.49686
1.4866
1.50893
1.42495
1.52163
1.50781
1.50781
1.52163
1.49686
1.49686
1.47141
1.47141
1.51918
1.50781
1.47141
1.51918
1.52163
1.50781
1.52163
1.51918
1.50781
1.52163
1.50781
1.52163
1.51483
1.51097
1.52163
1.50781
1.51918
1.51097
1.51483
1.52163
1.52163
1.46165
1.51918
1.49241
1.52163
1.52163
1.51918
1.52163
1.45072
1.51483
1.51918
1.51918
1.52163
1.52163
1.49686
1.50617
1.52163
1.52163
1.47141
1.4866
1.49241
1.52163
1.52163
1.50781
1.52163
1.48742
1.51483
1.50781
1.50724
1.52163
1.52163
1.50781
1.49056
1.51483
1.52163
1.49241
1.51483
1.52163
1.51483
1.52163
1.50781
1.51483
1.47141
1.50849
1.46165
1.51483
1.50781
1.51483
1.4798
1.52163
1.49222
1.49686
1.51918
1.45072
1.52163
1.50781
1.51483
1.49686
1.4866
1.50921
1.51483
1.52163
1.50781
1.52163
1.52163
1.47141
1.52163
1.51097
1.50893
1.47141
1.47141
1.50781
1.50781
1.47077
1.51483
1.51483
1.43901
1.51608
1.47458
1.51483
1.50577
1.46376
1.46376
1.51483
1.52163
1.51483
1.47141
1.50893
1.50118
1.49686
1.51483
1.51483
1.51483
1.51483
1.46376
1.50893
1.52163
1.4866
1.4974
1.52163
1.47458
1.52163
1.51483
1.51483
1.50781
1.49557
1.47141
1.42495
1.47458
1.51483
1.50577
1.47117
1.49528
1.52163
1.52163
1.52163
1.51097
1.50724
1.49241
1.51483
1.4974
1.44862
1.51483
1.4866
1.51483
1.47141
1.51483
1.52163
1.51483
1.51483
1.44867
1.51918
1.51483
1.51483
1.51483
1.52163
1.51483
1.51483
1.50893
1.49321
1.52163
1.49528
1.4866
1.4866
1.52163
1.47117
1.50781
1.50781
1.51483
1.52163
1.49241
1.51483
1.51483
1.51918
1.47141
1.52163
1.51097
1.4866
1.52163
1.52163
1.51483
1.51483
1.47581
1.51483
1.52163
1.4974
1.51483
1.51608
1.4866
1.46222
1.52163
1.51918
1.50921
1.52163
1.52163
1.51483
1.51608
1.51483
1.51918
1.51918
1.52163
1.52163
1.52163
1.50921
1.47141
1.51483
1.50781
1.51483
1.50921
1.50921
1.51483
1.52163
1.51918
1.51483
1.51918
1.52163
1.51483
1.50781
1.51918
1.51483
1.49686
1.4974
1.52163
1.51483
1.52163
1.51483
1.51918
1.50781
1.51918
1.52163
1.51608
1.51483
1.50781
1.51483
1.47784
1.51483
1.49686
1.52163
1.47141
1.52163
1.50921
1.52163
1.52163
1.47141
1.52163
1.52163
1.52163
1.51483
1.51918
1.52163
1.51483
1.51918
1.49686
1.52163
1.52163
1.48742
1.50781
1.49686
1.52163
1.50781
1.51483
1.52163
1.49241
1.47173
1.50724
1.51483
1.52163
1.47784
1.47886
1.52163
1.51483
1.52163
1.52163
1.49686
1.52163
1.52163
1.47141
1.51483
1.50781
1.50781
1.50781
1.50921
1.52163
1.46077
1.52163
1.52163
1.50724
1.51483
1.52163
1.52163
1.50781
1.51608
1.52163
1.47173
1.47458
1.51483
1.52163
1.49686
1.52163
1.52163
1.52163
1.47141
1.49528
1.50921
1.50781
1.50921
1.50781
1.49686
1.51483
1.47173
1.4974
1.52163
1.47581
1.51608
