1.49592
1.49592
1.50173
1.50173
1.50421
1.50421
1.50421
1.50421
1.50421
1.50421
1.50421
1.50421
1.50421
1.50421
1.50421
1.50421
1.50421
1.50421
1.50421
1.50421
1.50421
1.50421
1.50421
1.50421
1.50421
1.50421
1.50421
1.50421
1.50421
1.50421
1.50421
1.50421
1.50421
1.50421
1.50421
1.50421
1.50421
1.50421
1.50421
1.50421
1.50421
1.50421
1.50421
1.50421
1.50421
1.50421
1.50421
1.50421
1.50421
1.50421
1.50421
1.50421
1.50421
1.50421
1.50421
1.50421
1.50421
1.50421
1.50421
1.50421
1.50421
1.50421
1.50421
1.50421
1.50421
1.50421
1.50421
1.50421
1.50421
1.50421
1.50421
1.50421
1.50421
1.50421
1.50421
1.50421
1.50421
1.50421
1.50421
1.50421
1.50421
1.50421
1.50421
1.50421
1.50421
1.50421
1.50421
1.50421
1.50421
1.50421
1.50421
1.50421
1.50421
1.50421
1.50421
1.50421
1.50421
1.50421
1.50421
1.50421
